# Created by w2m.py on 2012-01-01 20:15 from http://kab.wikipedia.org/wiki
# name: A
# type: sparse matrix
# nnz: 7679
# rows: 742
# columns: 742
1 1 1
1 2 1
2 2 1
9 2 1
1 3 1
3 3 1
9 3 1
11 3 1
15 3 1
19 3 1
24 3 1
30 3 1
43 3 1
48 3 1
54 3 1
55 3 1
71 3 1
74 3 1
86 3 1
100 3 1
124 3 1
128 3 1
141 3 1
146 3 1
175 3 1
217 3 1
279 3 1
302 3 1
324 3 1
340 3 1
387 3 1
445 3 1
475 3 1
490 3 1
531 3 1
561 3 1
586 3 1
599 3 1
640 3 1
706 3 1
741 3 1
1 4 1
4 4 1
9 4 1
1 5 1
5 5 1
8 5 1
9 5 1
47 5 1
94 5 1
103 5 1
116 5 1
129 5 1
139 5 1
2 6 1
3 6 1
6 6 1
15 6 1
23 6 1
43 6 1
66 6 1
71 6 1
74 6 1
86 6 1
135 6 1
141 6 1
324 6 1
436 6 1
644 6 1
648 6 1
1 7 1
7 7 1
9 7 1
3 8 1
8 8 1
23 8 1
37 8 1
43 8 1
66 8 1
71 8 1
74 8 1
86 8 1
89 8 1
102 8 1
116 8 1
135 8 1
140 8 1
141 8 1
162 8 1
201 8 1
268 8 1
279 8 1
324 8 1
391 8 1
426 8 1
429 8 1
433 8 1
437 8 1
451 8 1
455 8 1
456 8 1
468 8 1
479 8 1
552 8 1
568 8 1
579 8 1
582 8 1
596 8 1
611 8 1
629 8 1
1 9 1
2 9 1
3 9 1
4 9 1
5 9 1
6 9 1
7 9 1
8 9 1
9 9 1
10 9 1
11 9 1
12 9 1
13 9 1
14 9 1
15 9 1
16 9 1
17 9 1
18 9 1
19 9 1
20 9 1
21 9 1
22 9 1
23 9 1
24 9 1
25 9 1
26 9 1
27 9 1
28 9 1
29 9 1
30 9 1
31 9 1
32 9 1
33 9 1
34 9 1
35 9 1
36 9 1
37 9 1
38 9 1
39 9 1
40 9 1
41 9 1
42 9 1
43 9 1
44 9 1
45 9 1
46 9 1
47 9 1
48 9 1
49 9 1
50 9 1
51 9 1
52 9 1
53 9 1
54 9 1
55 9 1
56 9 1
57 9 1
58 9 1
59 9 1
60 9 1
61 9 1
62 9 1
63 9 1
64 9 1
65 9 1
66 9 1
67 9 1
68 9 1
69 9 1
70 9 1
71 9 1
72 9 1
73 9 1
74 9 1
75 9 1
76 9 1
77 9 1
78 9 1
79 9 1
80 9 1
81 9 1
82 9 1
83 9 1
84 9 1
85 9 1
86 9 1
87 9 1
88 9 1
89 9 1
90 9 1
91 9 1
92 9 1
93 9 1
94 9 1
95 9 1
96 9 1
97 9 1
98 9 1
99 9 1
100 9 1
101 9 1
102 9 1
103 9 1
104 9 1
105 9 1
106 9 1
107 9 1
108 9 1
109 9 1
110 9 1
111 9 1
112 9 1
113 9 1
114 9 1
115 9 1
116 9 1
117 9 1
118 9 1
119 9 1
120 9 1
121 9 1
122 9 1
123 9 1
124 9 1
125 9 1
126 9 1
127 9 1
128 9 1
129 9 1
130 9 1
131 9 1
132 9 1
133 9 1
134 9 1
135 9 1
136 9 1
137 9 1
138 9 1
139 9 1
140 9 1
141 9 1
142 9 1
143 9 1
144 9 1
145 9 1
146 9 1
147 9 1
148 9 1
149 9 1
150 9 1
151 9 1
152 9 1
153 9 1
154 9 1
155 9 1
156 9 1
157 9 1
158 9 1
159 9 1
160 9 1
161 9 1
162 9 1
163 9 1
164 9 1
165 9 1
166 9 1
167 9 1
168 9 1
169 9 1
170 9 1
171 9 1
172 9 1
173 9 1
174 9 1
175 9 1
176 9 1
177 9 1
178 9 1
179 9 1
180 9 1
181 9 1
182 9 1
183 9 1
184 9 1
185 9 1
186 9 1
187 9 1
188 9 1
189 9 1
190 9 1
191 9 1
192 9 1
193 9 1
194 9 1
195 9 1
196 9 1
197 9 1
198 9 1
199 9 1
200 9 1
201 9 1
202 9 1
203 9 1
204 9 1
205 9 1
206 9 1
207 9 1
208 9 1
209 9 1
210 9 1
211 9 1
212 9 1
213 9 1
214 9 1
215 9 1
216 9 1
217 9 1
218 9 1
219 9 1
220 9 1
221 9 1
222 9 1
223 9 1
224 9 1
225 9 1
226 9 1
227 9 1
228 9 1
229 9 1
230 9 1
231 9 1
232 9 1
233 9 1
234 9 1
235 9 1
236 9 1
237 9 1
238 9 1
239 9 1
240 9 1
241 9 1
242 9 1
243 9 1
244 9 1
245 9 1
246 9 1
247 9 1
248 9 1
249 9 1
250 9 1
251 9 1
252 9 1
253 9 1
254 9 1
255 9 1
256 9 1
257 9 1
258 9 1
259 9 1
260 9 1
261 9 1
262 9 1
263 9 1
264 9 1
265 9 1
266 9 1
267 9 1
268 9 1
269 9 1
270 9 1
271 9 1
272 9 1
273 9 1
274 9 1
275 9 1
276 9 1
277 9 1
278 9 1
279 9 1
280 9 1
281 9 1
282 9 1
283 9 1
284 9 1
285 9 1
286 9 1
287 9 1
288 9 1
289 9 1
290 9 1
291 9 1
292 9 1
293 9 1
294 9 1
295 9 1
296 9 1
297 9 1
298 9 1
299 9 1
300 9 1
301 9 1
302 9 1
303 9 1
304 9 1
305 9 1
306 9 1
307 9 1
308 9 1
309 9 1
310 9 1
311 9 1
312 9 1
313 9 1
314 9 1
315 9 1
316 9 1
317 9 1
318 9 1
319 9 1
320 9 1
321 9 1
322 9 1
323 9 1
324 9 1
325 9 1
326 9 1
327 9 1
328 9 1
329 9 1
330 9 1
331 9 1
332 9 1
333 9 1
334 9 1
335 9 1
336 9 1
337 9 1
338 9 1
339 9 1
340 9 1
341 9 1
342 9 1
343 9 1
344 9 1
345 9 1
346 9 1
347 9 1
348 9 1
349 9 1
350 9 1
351 9 1
352 9 1
353 9 1
354 9 1
355 9 1
356 9 1
357 9 1
358 9 1
359 9 1
360 9 1
361 9 1
362 9 1
363 9 1
364 9 1
365 9 1
366 9 1
367 9 1
368 9 1
369 9 1
370 9 1
371 9 1
372 9 1
373 9 1
374 9 1
375 9 1
376 9 1
377 9 1
378 9 1
379 9 1
380 9 1
381 9 1
382 9 1
383 9 1
384 9 1
385 9 1
386 9 1
387 9 1
388 9 1
389 9 1
390 9 1
391 9 1
392 9 1
393 9 1
394 9 1
395 9 1
396 9 1
412 9 1
421 9 1
426 9 1
427 9 1
428 9 1
429 9 1
430 9 1
431 9 1
432 9 1
433 9 1
434 9 1
435 9 1
436 9 1
437 9 1
438 9 1
439 9 1
440 9 1
441 9 1
442 9 1
443 9 1
444 9 1
445 9 1
446 9 1
447 9 1
448 9 1
449 9 1
450 9 1
451 9 1
452 9 1
453 9 1
454 9 1
455 9 1
456 9 1
457 9 1
458 9 1
459 9 1
460 9 1
461 9 1
462 9 1
463 9 1
464 9 1
465 9 1
466 9 1
467 9 1
468 9 1
469 9 1
470 9 1
471 9 1
472 9 1
473 9 1
474 9 1
475 9 1
476 9 1
477 9 1
478 9 1
479 9 1
480 9 1
481 9 1
482 9 1
483 9 1
484 9 1
485 9 1
486 9 1
487 9 1
488 9 1
489 9 1
490 9 1
491 9 1
492 9 1
493 9 1
494 9 1
495 9 1
496 9 1
497 9 1
498 9 1
499 9 1
500 9 1
501 9 1
502 9 1
503 9 1
504 9 1
505 9 1
506 9 1
507 9 1
508 9 1
509 9 1
510 9 1
511 9 1
512 9 1
513 9 1
514 9 1
515 9 1
516 9 1
517 9 1
518 9 1
519 9 1
520 9 1
521 9 1
522 9 1
523 9 1
524 9 1
525 9 1
526 9 1
527 9 1
528 9 1
529 9 1
530 9 1
531 9 1
532 9 1
533 9 1
534 9 1
535 9 1
536 9 1
537 9 1
538 9 1
539 9 1
540 9 1
541 9 1
542 9 1
543 9 1
544 9 1
545 9 1
546 9 1
547 9 1
548 9 1
549 9 1
550 9 1
551 9 1
552 9 1
553 9 1
554 9 1
555 9 1
556 9 1
557 9 1
558 9 1
559 9 1
560 9 1
561 9 1
562 9 1
563 9 1
564 9 1
565 9 1
566 9 1
567 9 1
568 9 1
569 9 1
570 9 1
571 9 1
572 9 1
573 9 1
574 9 1
575 9 1
576 9 1
577 9 1
578 9 1
579 9 1
580 9 1
581 9 1
582 9 1
583 9 1
584 9 1
585 9 1
586 9 1
587 9 1
588 9 1
589 9 1
590 9 1
591 9 1
592 9 1
593 9 1
594 9 1
595 9 1
596 9 1
597 9 1
598 9 1
599 9 1
600 9 1
601 9 1
602 9 1
603 9 1
604 9 1
605 9 1
606 9 1
607 9 1
608 9 1
609 9 1
610 9 1
611 9 1
612 9 1
613 9 1
614 9 1
615 9 1
616 9 1
617 9 1
618 9 1
619 9 1
620 9 1
621 9 1
622 9 1
623 9 1
624 9 1
625 9 1
626 9 1
627 9 1
628 9 1
629 9 1
630 9 1
631 9 1
632 9 1
633 9 1
634 9 1
635 9 1
636 9 1
637 9 1
638 9 1
639 9 1
640 9 1
641 9 1
642 9 1
643 9 1
644 9 1
645 9 1
646 9 1
647 9 1
648 9 1
649 9 1
650 9 1
651 9 1
652 9 1
653 9 1
654 9 1
655 9 1
656 9 1
657 9 1
658 9 1
659 9 1
660 9 1
661 9 1
662 9 1
663 9 1
664 9 1
665 9 1
666 9 1
667 9 1
668 9 1
669 9 1
670 9 1
671 9 1
672 9 1
673 9 1
674 9 1
675 9 1
676 9 1
677 9 1
678 9 1
679 9 1
680 9 1
681 9 1
682 9 1
683 9 1
684 9 1
685 9 1
686 9 1
687 9 1
688 9 1
689 9 1
690 9 1
691 9 1
692 9 1
693 9 1
694 9 1
695 9 1
696 9 1
697 9 1
698 9 1
699 9 1
700 9 1
701 9 1
702 9 1
703 9 1
704 9 1
705 9 1
706 9 1
707 9 1
708 9 1
709 9 1
710 9 1
711 9 1
712 9 1
713 9 1
714 9 1
715 9 1
716 9 1
717 9 1
718 9 1
719 9 1
720 9 1
721 9 1
722 9 1
723 9 1
724 9 1
725 9 1
726 9 1
727 9 1
728 9 1
729 9 1
730 9 1
731 9 1
732 9 1
733 9 1
734 9 1
735 9 1
736 9 1
737 9 1
738 9 1
739 9 1
740 9 1
741 9 1
742 9 1
1 10 1
9 10 1
10 10 1
3 11 1
11 11 1
30 11 1
77 11 1
89 11 1
120 11 1
128 11 1
131 11 1
141 11 1
186 11 1
200 11 1
201 11 1
302 11 1
324 11 1
366 11 1
432 11 1
451 11 1
465 11 1
468 11 1
485 11 1
495 11 1
526 11 1
577 11 1
579 11 1
599 11 1
621 11 1
669 11 1
713 11 1
732 11 1
1 12 1
9 12 1
12 12 1
3 13 1
13 13 1
15 13 1
40 13 1
43 13 1
71 13 1
74 13 1
86 13 1
141 13 1
324 13 1
1 14 1
9 14 1
14 14 1
16 14 1
21 14 1
26 14 1
31 14 1
33 14 1
35 14 1
41 14 1
52 14 1
85 14 1
93 14 1
96 14 1
97 14 1
118 14 1
221 14 1
234 14 1
344 14 1
448 14 1
453 14 1
622 14 1
624 14 1
673 14 1
714 14 1
733 14 1
3 15 1
8 15 1
13 15 1
15 15 1
24 15 1
37 15 1
43 15 1
46 15 1
47 15 1
55 15 1
71 15 1
74 15 1
76 15 1
86 15 1
100 15 1
101 15 1
112 15 1
124 15 1
129 15 1
139 15 1
141 15 1
145 15 1
162 15 1
211 15 1
227 15 1
277 15 1
279 15 1
324 15 1
330 15 1
382 15 1
432 15 1
437 15 1
456 15 1
479 15 1
487 15 1
531 15 1
537 15 1
568 15 1
572 15 1
596 15 1
610 15 1
628 15 1
629 15 1
1 16 1
9 16 1
10 16 1
14 16 1
16 16 1
21 16 1
26 16 1
31 16 1
58 16 1
59 16 1
68 16 1
69 16 1
82 16 1
93 16 1
96 16 1
97 16 1
119 16 1
125 16 1
144 16 1
203 16 1
221 16 1
226 16 1
228 16 1
234 16 1
244 16 1
344 16 1
448 16 1
453 16 1
624 16 1
636 16 1
648 16 1
673 16 1
714 16 1
715 16 1
718 16 1
1 17 1
9 17 1
17 17 1
96 17 1
8 18 1
18 18 1
36 18 1
47 18 1
58 18 1
59 18 1
75 18 1
88 18 1
94 18 1
103 18 1
116 18 1
129 18 1
139 18 1
144 18 1
226 18 1
241 18 1
