[Group]
name = batch_I_001
batchvar = n_SM
simlist = 7db0bbe9-0c23-49fb-9c42-e24f73fbdd76,11ebe9b1-c739-4a09-8bd5-92c572828c29,27ad6bc9-c0e6-4554-8a54-3606b89baded,07d55f18-9f70-4f1f-8aa6-cb7d13fbc5e7,1a6897a0-19a8-48c2-85b5-4db8adc53603,62db2455-7e55-45c1-9ea5-07349a86da34,9dcb1467-b2ae-4e94-aed1-a639e09a122e,0c8798bb-c096-4f17-9d3c-1e01a3c6202e,fa7802b6-096d-4ad1-a710-9eaa67adef45,22ad7365-0910-46ee-84bf-30f053d55ab0,8c4861aa-2b0e-4b49-b76b-4a1d47ba0430
description = 

[Param]
lx = 7000.0
ly = 7000.0
dx = 13.671875
dy = 13.671875
Lx = 512
Ly = 512
dt = 0.01
Nx = 100
max_t = 60.0
k_MA = 16.40625
nu_MA = 1.0
r0_SM = 6.8359375
k_SM = 7.0
nu_SM = 1.0
n_SM = 1e-07
r_seed = 1000.0
r_test = 136.71875
interval_save = 10

