[Group]
name = batch_rtest_20111206
batchvar = r_test
simlist = 110c326e-7db5-42d5-9c9a-cc311188e987,00d6e54c-92c2-4ef9-ab5c-103314202869,d9f7747b-4fa8-466b-a0ef-db7a33e046bd,904dbf10-7e7b-4459-bf98-77c0c1705f6d,6fbf0d2b-2ca4-4edf-b50e-be097c9dc9d1,033b5368-cce3-4495-9a30-233c913e5909
description = Batch group r_test.

[Param]
lx = 7000.0
ly = 7000.0
dx = 13.671875
dy = 13.671875
Lx = 512
Ly = 512
dt = 0.01
Nx = 100
max_t = 100.0
k_MA = 13.0
nu_MA = 1.5
r0_SM = 6.8359375
k_SM = 7.0
nu_SM = 1.0
n_SM = 9.85e-07
r_seed = 1000.0
r_test = 60.0

