[Group]
name = batch_rseed_001
batchvar = r_seed
simlist = 36d474d2-6974-443c-883b-6aadcd1758e6,6a8a0201-2d65-44cf-8abb-cea49414567e,7025b579-5a9f-478c-bebc-85e068983069,3ae87fe7-4e1b-4597-bd3e-52796a74d489,a3eb7185-e26f-4037-9f28-ad649aa976d0,6439fd2f-b220-41a1-bc71-4fb58412c812,5f4a9eb2-5f66-40a7-a29a-ac62e235f44f,7ed061e9-ef82-456d-8c4c-2045f8058862,1260d67f-849a-4b4b-9868-b912fbca73a6,51cbbeed-e90a-464d-b910-71357457dc9b,74a1dda6-179f-4458-9aea-6908b1e46471
description = 

[Param]
lx = 7000.0
ly = 7000.0
dx = 13.671875
dy = 13.671875
Lx = 512
Ly = 512
dt = 0.01
Nx = 100
max_t = 60.0
k_MA = 16.40625
nu_MA = 1.0
r0_SM = 6.8359375
k_SM = 7.0
nu_SM = 1.0
n_SM = 6e-07
r_seed = 0.0
r_test = 136.71875
interval_save = 10

