[Group]
name = batch_kMA_001
batchvar = k_MA
simlist = e88b2e74-2c17-4b20-8dc8-a9f03473b6cb,abccb5cb-b5f9-4ec8-9cab-2ebd82374b06,a61ab3a4-248d-4ec8-8093-424c1c606a5b,1aac5728-664c-45e9-b087-6a8d22fed87f,a9261e90-1358-4dc8-ac10-812562751ba9,affb3731-eaf2-48c3-ad5e-07ba24203307,9fd337f9-cf5d-4f60-a498-0979c8bf0271,b838b6fa-4fe7-478d-bce2-4d4d8c2f029a,ba32bc9f-e5f0-419f-b0cd-5988f0274515,d5c2fe5a-8078-4e17-81b0-62f49f7aa044,949cae10-4856-486d-9651-f78a40f65e89
description = 

[Param]
lx = 7000.0
ly = 7000.0
dx = 13.671875
dy = 13.671875
Lx = 512
Ly = 512
dt = 0.01
Nx = 100
max_t = 60.0
k_MA = 10.0
nu_MA = 1.0
r0_SM = 6.8359375
k_SM = 7.0
nu_SM = 1.0
n_SM = 6e-07
r_seed = 1000.0
r_test = 136.71875
interval_save = 10

