[Group]
name = batch_k_MA_20111205
batchvar = k_MA
simlist = a4fd8350-62c6-42c1-b141-8cc78f252eb8,d288011a-36df-4b65-a774-618262e0db26,6796c275-d493-4c4b-93a2-1f410f61ef5b,bceb8665-1e40-446b-bd84-85440f693ac7,8b11a0fe-53e5-4891-9588-22053f3ae08b,d3d392f6-a5a9-4a85-a1de-38433159ee5b
description = batch k_MA

[Param]
lx = 7000.0
ly = 7000.0
dx = 13.671875
dy = 13.671875
Lx = 512
Ly = 512
dt = 0.01
Nx = 100
max_t = 100.0
k_MA = 12.0
nu_MA = 1.5
r0_SM = 6.8359375
k_SM = 7.0
nu_SM = 1.0
n_SM = 6e-07
r_seed = 1000.0
r_test = 136.71875

