[Group]
name = batch_kMA_002
batchvar = k_MA
simlist = 19679991-d276-43f0-9e0d-3d176624d7b4,73cc4ac6-9e77-4fd1-88bc-57cbe32ae364,13d2313f-19ab-4e91-8b88-71953b94d0f1,925f5fa6-7293-4d8f-abde-5148fae55e1f,62b7f246-c546-47d6-9d94-b6ba17a767c5,c6ba0389-d993-4e3c-a854-99c066c36973,8eaa980d-64f8-4617-8da0-9c82d6605f57,b9140411-4a39-4a84-80e5-d2f5cc536502,96987fce-f349-40c5-bf20-214c802736d2
description = k_MA step: 3x1.3671875. 1.3671875 = 7000/512   /0.01 * 0.012.

[Param]
lx = 7000.0
ly = 7000.0
dx = 13.671875
dy = 13.671875
Lx = 512
Ly = 512
dt = 0.01
Nx = 100
max_t = 60.0
k_MA = 8.203125
nu_MA = 1.0
r0_SM = 6.8359375
k_SM = 7.0
nu_SM = 1.0
n_SM = 6e-07
r_seed = 1000.0
r_test = 136.71875
interval_save = 10

