[Group]
name = batch_n_SM_20111205
batchvar = n_SM
simlist = 2232eb9c-0427-4bc6-bbfb-4c209000f3e4,e657a8cd-0225-415b-9350-fcd5604948f7,77a00ade-9216-4465-a64e-fee6575eb98f,9845ab6b-26e7-49b6-806f-75c19e80c472,29113f69-7304-477d-b36e-a0e4869a4c93,3ca179e2-5b6b-4240-b3f9-faccd97c54a8
description = Run batch with n_SM.

[Param]
lx = 7000.0
ly = 7000.0
dx = 13.671875
dy = 13.671875
Lx = 512
Ly = 512
dt = 0.01
Nx = 100
max_t = 100.0
k_MA = 16.40625
nu_MA = 1.5
r0_SM = 6.8359375
k_SM = 7.0
nu_SM = 1.0
n_SM = 1e-07
r_seed = 1000.0
r_test = 136.71875

