[Group]
name = batch_kSM_001
batchvar = k_SM
simlist = e47e45b1-cd91-434b-b410-363445898fde,b5f36fdd-473b-4372-a6ed-9639ccfd38bd,390d579b-0879-465e-a1c4-1f42bc122d3f,4bfec301-e0bc-4f7a-8d29-223bab49898f,e34ce695-7d10-4145-aa20-939cc8fe4e8a,8609dbeb-7b26-4ae8-940f-d5a21ce19698,b14c5f9f-796d-4ef4-bee5-1e4df21449c7,fe87dd8c-c14b-4ec9-bf1a-29dd3d3ee56b,b78377e9-9e76-46ac-be7b-f3b42a910546,9c805287-1279-436a-b8e0-a9b6c3e8c7c2
description = 

[Param]
lx = 7000.0
ly = 7000.0
dx = 13.671875
dy = 13.671875
Lx = 512
Ly = 512
dt = 0.01
Nx = 100
max_t = 60.0
k_MA = 16.40625
nu_MA = 1.0
r0_SM = 6.8359375
k_SM = 1.0
nu_SM = 1.0
n_SM = 6e-07
r_seed = 1000.0
r_test = 136.71875
interval_save = 10

